[
            [0,0,0,0,0,0,0,0,0,0,0,0,0,0,0,0,5,1,5,1,5,1,5,1,0],
            [0,0,0,0,0,0,0,0,0,0,0,0,0,0,0,0,5,1,5,1,5,1,5,1,0],
            [0,0,0,0,0,0,0,0,0,0,0,0,0,0,0,0,5,1,5,1,5,1,5,1,0],
            [0,0,0,0,0,0,0,0,0,0,0,0,0,0,0,0,5,1,5,1,5,1,5,1,0],
            [0,0,0,0,0,0,0,0,0,0,0,0,0,0,0,0,5,1,5,1,5,1,5,1,0],
            [0,0,0,0,0,0,0,0,0,0,0,0,0,0,0,0,5,1,5,1,5,1,5,1,0],
            [0,0,0,0,0,0,0,0,0,0,0,0,0,0,0,0,5,1,5,1,5,1,5,1,0],
            [0,0,0,0,0,0,0,0,0,0,0,0,0,0,0,0,5,1,5,1,5,1,5,1,0],
            [0,0,0,0,0,0,0,0,0,0,0,0,0,0,0,0,5,1,5,1,5,1,5,1,0],
            [0,0,0,0,0,0,0,0,0,0,0,0,0,0,0,0,5,1,5,1,5,1,5,1,0],
            [0,0,0,0,0,0,0,0,0,0,0,0,0,0,0,0,5,1,5,1,5,1,5,1,0],
            [0,0,0,0,0,0,0,0,0,0,0,0,0,0,0,0,5,1,5,1,5,1,5,1,0],
            [0,0,0,0,0,0,0,0,0,0,0,0,0,0,0,0,5,1,5,1,5,1,5,1,0],
            [0,0,0,0,0,0,0,0,0,0,0,0,0,0,0,0,5,1,5,1,5,1,5,1,0],
            [0,0,0,0,0,0,0,0,0,0,0,0,0,0,0,0,5,1,5,1,5,1,5,1,0],
            [0,0,0,0,0,0,0,0,0,0,0,0,0,0,0,0,0,0,0,0,0,0,0,0,40], //dummy
            [5,5,5,5,5,5,5,5,5,5,5,5,5,5,5,0,0,0,0,0,0,0,0,0,0],
            [1,1,1,1,1,1,1,1,1,1,1,1,1,1,1,0,0,0,0,0,0,0,0,0,0],
            [5,5,5,5,5,5,5,5,5,5,5,5,5,5,5,0,0,0,0,0,0,0,0,0,0],
            [1,1,1,1,1,1,1,1,1,1,1,1,1,1,1,0,0,0,0,0,0,0,0,0,0],
            [5,5,5,5,5,5,5,5,5,5,5,5,5,5,5,0,0,0,0,0,0,0,0,0,0],
            [1,1,1,1,1,1,1,1,1,1,1,1,1,1,1,0,0,0,0,0,0,0,0,0,0],
            [5,5,5,5,5,5,5,5,5,5,5,5,5,5,5,0,0,0,0,0,0,0,0,0,0],
            [1,1,1,1,1,1,1,1,1,1,1,1,1,1,1,0,0,0,0,0,0,0,0,0,0],
            [0,0,0,0,0,0,0,0,0,0,0,0,0,0,0,40,0,0,0,0,0,0,0,0,0]

        ];
